Results:
     alpha  train_accuracy  eval_accuracy
0   0.001            1.00           0.72
1   0.002            1.00           0.72
2   0.005            1.00           0.76
3   0.008            1.00           0.78
4   0.010            1.00           0.78
5   0.020            1.00           0.86
6   0.030            1.00           0.88
7   0.040            1.00           0.88
8   0.050            1.00           0.88
9   0.070            1.00           0.88
10  0.080            1.00           0.88
11  0.090            1.00           0.88
12  0.100            1.00           0.88
13  0.200            1.00           0.84
14  0.300            1.00           0.80
15  0.400            1.00           0.78
16  0.500            1.00           0.78
17  1.000            0.98           0.70
Best alpha: 0.03 with eval accuracy: 0.8800
Train and evaluate with best alpha
Multinomial NB: Accuracy with 10 users: 82.00%
================================================================================================================================================================
Results:
     alpha  train_accuracy  eval_accuracy
0   0.001          0.9996          0.588
1   0.002          0.9996          0.612
2   0.005          0.9996          0.632
3   0.008          0.9996          0.628
4   0.010          0.9996          0.640
5   0.020          0.9992          0.660
6   0.030          0.9992          0.664
7   0.040          0.9984          0.668
8   0.050          0.9984          0.660
9   0.070          0.9976          0.664
10  0.080          0.9976          0.656
11  0.090          0.9976          0.652
12  0.100          0.9976          0.652
13  0.200          0.9940          0.652
14  0.300          0.9840          0.604
15  0.400          0.9748          0.576
16  0.500          0.9596          0.560
17  1.000          0.8388          0.444
Best alpha: 0.04 with eval accuracy: 0.6680
Train and evaluate with best alpha
Multinomial NB: Accuracy with 50 users: 63.60%
================================================================================================================================================================
Results:
     alpha  train_accuracy  eval_accuracy
0   0.001          0.9990          0.562
1   0.002          0.9990          0.582
2   0.005          0.9986          0.594
3   0.008          0.9986          0.604
4   0.010          0.9986          0.618
5   0.020          0.9978          0.630
6   0.030          0.9976          0.632
7   0.040          0.9966          0.630
8   0.050          0.9960          0.632
9   0.070          0.9942          0.624
10  0.080          0.9934          0.618
11  0.090          0.9920          0.614
12  0.100          0.9916          0.606
13  0.200          0.9720          0.536
14  0.300          0.9360          0.490
15  0.400          0.8984          0.448
16  0.500          0.8500          0.406
17  1.000          0.6834          0.328
Best alpha: 0.03 with eval accuracy: 0.6320
Train and evaluate with best alpha
Multinomial NB: Accuracy with 100 users: 61.60%
================================================================================================================================================================
Results:
     alpha  train_accuracy  eval_accuracy
0   0.001        0.998800       0.553333
1   0.002        0.998533       0.568000
2   0.005        0.998533       0.585333
3   0.008        0.998533       0.596000
4   0.010        0.998133       0.596000
5   0.020        0.997200       0.612000
6   0.030        0.996400       0.608000
7   0.040        0.994800       0.613333
8   0.050        0.994133       0.618667
9   0.070        0.991067       0.609333
10  0.080        0.989333       0.600000
11  0.090        0.987067       0.597333
12  0.100        0.983600       0.588000
13  0.200        0.937200       0.494667
14  0.300        0.881467       0.434667
15  0.400        0.821200       0.398667
16  0.500        0.775333       0.376000
17  1.000        0.623467       0.298667
Best alpha: 0.05 with eval accuracy: 0.6187
Train and evaluate with best alpha
Multinomial NB: Accuracy with 150 users: 57.07%
================================================================================================================================================================
Results:
     alpha  train_accuracy  eval_accuracy
0   0.001          0.9985          0.506
1   0.002          0.9983          0.521
2   0.005          0.9981          0.524
3   0.008          0.9979          0.530
4   0.010          0.9977          0.532
5   0.020          0.9966          0.546
6   0.030          0.9950          0.568
7   0.040          0.9938          0.585
8   0.050          0.9927          0.581
9   0.070          0.9888          0.581
10  0.080          0.9866          0.574
11  0.090          0.9837          0.572
12  0.100          0.9799          0.566
13  0.200          0.9349          0.497
14  0.300          0.8801          0.443
15  0.400          0.8284          0.410
16  0.500          0.7840          0.370
17  1.000          0.6306          0.267
Best alpha: 0.04 with eval accuracy: 0.5850
Train and evaluate with best alpha
Multinomial NB: Accuracy with 200 users: 54.10%
================================================================================================================================================================