Results:
     alpha  train_accuracy  eval_accuracy
0   0.001          1.0000           0.66
1   0.002          1.0000           0.68
2   0.005          1.0000           0.70
3   0.008          1.0000           0.72
4   0.010          1.0000           0.76
5   0.020          1.0000           0.82
6   0.030          1.0000           0.82
7   0.040          1.0000           0.82
8   0.050          1.0000           0.82
9   0.070          1.0000           0.86
10  0.080          1.0000           0.86
11  0.090          1.0000           0.84
12  0.100          1.0000           0.84
13  0.200          1.0000           0.76
14  0.300          1.0000           0.72
15  0.400          1.0000           0.72
16  0.500          0.9925           0.72
17  1.000          0.9600           0.66
Best alpha: 0.07 with eval accuracy: 0.8600
Train and evaluate with best alpha
Multinomial NB: Accuracy with 10 users: 86.00%
================================================================================================================================================================
Results:
     alpha  train_accuracy  eval_accuracy
0   0.001          0.9995          0.572
1   0.002          0.9995          0.588
2   0.005          0.9995          0.628
3   0.008          0.9995          0.644
4   0.010          0.9995          0.644
5   0.020          0.9995          0.644
6   0.030          0.9990          0.660
7   0.040          0.9980          0.660
8   0.050          0.9980          0.648
9   0.070          0.9980          0.632
10  0.080          0.9960          0.620
11  0.090          0.9955          0.616
12  0.100          0.9955          0.608
13  0.200          0.9910          0.568
14  0.300          0.9825          0.548
15  0.400          0.9695          0.524
16  0.500          0.9495          0.496
17  1.000          0.8320          0.412
Best alpha: 0.03 with eval accuracy: 0.6600
Train and evaluate with best alpha
Multinomial NB: Accuracy with 50 users: 60.80%
================================================================================================================================================================
Results:
     alpha  train_accuracy  eval_accuracy
0   0.001         0.99900          0.542
1   0.002         0.99900          0.562
2   0.005         0.99900          0.600
3   0.008         0.99900          0.602
4   0.010         0.99900          0.608
5   0.020         0.99775          0.632
6   0.030         0.99700          0.626
7   0.040         0.99600          0.628
8   0.050         0.99525          0.624
9   0.070         0.99325          0.610
10  0.080         0.99200          0.608
11  0.090         0.99050          0.598
12  0.100         0.98925          0.588
13  0.200         0.97050          0.516
14  0.300         0.93575          0.472
15  0.400         0.90000          0.432
16  0.500         0.85900          0.382
17  1.000         0.70500          0.310
Best alpha: 0.02 with eval accuracy: 0.6320
Train and evaluate with best alpha
Multinomial NB: Accuracy with 100 users: 63.00%
================================================================================================================================================================
Results:
     alpha  train_accuracy  eval_accuracy
0   0.001        0.999000       0.552000
1   0.002        0.999000       0.568000
2   0.005        0.999000       0.588000
3   0.008        0.998833       0.596000
4   0.010        0.998500       0.597333
5   0.020        0.997167       0.613333
6   0.030        0.996000       0.617333
7   0.040        0.995000       0.613333
8   0.050        0.993500       0.612000
9   0.070        0.990000       0.588000
10  0.080        0.987667       0.580000
11  0.090        0.985000       0.572000
12  0.100        0.982333       0.557333
13  0.200        0.944500       0.462667
14  0.300        0.899500       0.410667
15  0.400        0.847500       0.384000
16  0.500        0.804500       0.354667
17  1.000        0.652833       0.278667
Best alpha: 0.03 with eval accuracy: 0.6173
Train and evaluate with best alpha
Multinomial NB: Accuracy with 150 users: 56.53%
================================================================================================================================================================
Results:
     alpha  train_accuracy  eval_accuracy
0   0.001        0.999000          0.511
1   0.002        0.999000          0.510
2   0.005        0.998875          0.524
3   0.008        0.998625          0.538
4   0.010        0.998125          0.550
5   0.020        0.997000          0.555
6   0.030        0.995375          0.570
7   0.040        0.993000          0.564
8   0.050        0.991625          0.562
9   0.070        0.986500          0.550
10  0.080        0.983750          0.546
11  0.090        0.981375          0.537
12  0.100        0.979125          0.527
13  0.200        0.939000          0.458
14  0.300        0.895375          0.416
15  0.400        0.849750          0.371
16  0.500        0.807250          0.344
17  1.000        0.656750          0.240
Best alpha: 0.03 with eval accuracy: 0.5700
Train and evaluate with best alpha
Multinomial NB: Accuracy with 200 users: 53.30%
================================================================================================================================================================